Этап 1 -----------------|
12	7	155	4	77	4	687	4877	
Этап 2 -----------------|
7	12	4	77	4	155	687	4877	
Этап 3 -----------------|
7	4	12	4	77	155	687	4877	
Этап 4 -----------------|
4	7	4	12	77	155	687	4877	
Этап 5 -----------------|
4	4	7	12	77	155	687	4877	
Этап 6 -----------------|
4	4	7	12	77	155	687	4877	
Этап 7 -----------------|
4	4	7	12	77	155	687	4877	
~~~~~~~~~~~~~~~~~~~~~~~~~~~~~~~~~~
Этап 1 ----------------------------------|
12	7	155	4	77	4	687	4877	
Этап 2 ----------------------------------|
7	12	4	77	4	155	687	4877	
Этап 3 ----------------------------------|
7	4	12	4	77	155	687	4877	
Этап 4 ----------------------------------|
4	7	4	12	77	155	687	4877	
Этап 5 ----------------------------------|
4	4	7	12	77	155	687	4877	
Этап 6 ----------------------------------|
4	4	7	12	77	155	687	4877	
Этап 7 ----------------------------------|
4	4	7	12	77	155	687	4877	
~~~~~~~~~~~~~~~~~~~~~~~~~~~~~~~~~~
Этап 1 ------------------------------|
12	7	155	4	77	4	687	4877	
Этап 2 ------------------------------|
7	12	4	77	4	155	687	4877	
Этап 3 ------------------------------|
7	4	12	4	77	155	687	4877	
Этап 4 ------------------------------|
4	7	4	12	77	155	687	4877	
Этап 5 ------------------------------|
4	4	7	12	77	155	687	4877	
Этап 6 ------------------------------|
4	4	7	12	77	155	687	4877	
Этап 7 ------------------------------|
4	4	7	12	77	155	687	4877	
~~~~~~~~~~~~~~~~~~~~~~~~~~~~~~~~~~
Этап 1 --------------------------------------------------|
12	7	155	4	77	4	687	4877	0	1	48788697	
Этап 2 --------------------------------------------------|
7	12	4	77	4	155	687	0	1	4877	48788697	
Этап 3 --------------------------------------------------|
7	4	12	4	77	155	0	1	687	4877	48788697	
Этап 4 --------------------------------------------------|
4	7	4	12	77	0	1	155	687	4877	48788697	
Этап 5 --------------------------------------------------|
4	4	7	12	0	1	77	155	687	4877	48788697	
Этап 6 --------------------------------------------------|
4	4	7	0	1	12	77	155	687	4877	48788697	
Этап 7 --------------------------------------------------|
4	4	0	1	7	12	77	155	687	4877	48788697	
Этап 8 --------------------------------------------------|
4	0	1	4	7	12	77	155	687	4877	48788697	
Этап 9 --------------------------------------------------|
0	1	4	4	7	12	77	155	687	4877	48788697	
Этап 10 --------------------------------------------------|
0	1	4	4	7	12	77	155	687	4877	48788697	
~~~~~~~~~~~~~~~~~~~~~~~~~~~~~~~~~~~~~~~~~~~~~~~~~~~~~~
Этап 1 --------------------------------------------------|
12	7	155	4	77	4	687	4877	0	1	48788697	
Этап 2 --------------------------------------------------|
7	12	4	77	4	155	687	0	1	4877	48788697	
Этап 3 --------------------------------------------------|
7	4	12	4	77	155	0	1	687	4877	48788697	
Этап 4 --------------------------------------------------|
4	7	4	12	77	0	1	155	687	4877	48788697	
Этап 5 --------------------------------------------------|
4	4	7	12	0	1	77	155	687	4877	48788697	
Этап 6 --------------------------------------------------|
4	4	7	0	1	12	77	155	687	4877	48788697	
Этап 7 --------------------------------------------------|
4	4	0	1	7	12	77	155	687	4877	48788697	
Этап 8 --------------------------------------------------|
4	0	1	4	7	12	77	155	687	4877	48788697	
Этап 9 --------------------------------------------------|
0	1	4	4	7	12	77	155	687	4877	48788697	
Этап 10 --------------------------------------------------|
0	1	4	4	7	12	77	155	687	4877	48788697	
~~~~~~~~~~~~~~~~~~~~~~~~~~~~~~~~~~~~~~~~~~~~~~~~~~~~~~~~~~~~~~~~~~~~~~~~~~~~~~~~~
Этап 1 --------------------------------------------------|
12	7	155	4	77	4	687	4877	0	1	48788697	
Этап 2 --------------------------------------------------|
7	12	4	77	4	155	687	0	1	4877	48788697	
Этап 3 --------------------------------------------------|
7	4	12	4	77	155	0	1	687	4877	48788697	
Этап 4 --------------------------------------------------|
4	7	4	12	77	0	1	155	687	4877	48788697	
Этап 5 --------------------------------------------------|
4	4	7	12	0	1	77	155	687	4877	48788697	
Этап 6 --------------------------------------------------|
4	4	7	0	1	12	77	155	687	4877	48788697	
Этап 7 --------------------------------------------------|
4	4	0	1	7	12	77	155	687	4877	48788697	
Этап 8 --------------------------------------------------|
4	0	1	4	7	12	77	155	687	4877	48788697	
Этап 9 --------------------------------------------------|
0	1	4	4	7	12	77	155	687	4877	48788697	
Этап 10 --------------------------------------------------|
0	1	4	4	7	12	77	155	687	4877	48788697	
~~~~~~~~~~~~~~~~~~~~~~~~~~~~~~~~~~~~~~~~~~~~~~~~~~~~~~~~~~~~~~~~~~
Этап 1 --------------------------------------------------|
12	7	155	4	77	4	687	4877	0	1	48788697	
Этап 2 --------------------------------------------------|
7	12	4	77	4	155	687	0	1	4877	48788697	
Этап 3 --------------------------------------------------|
7	4	12	4	77	155	0	1	687	4877	48788697	
Этап 4 --------------------------------------------------|
4	7	4	12	77	0	1	155	687	4877	48788697	
Этап 5 --------------------------------------------------|
4	4	7	12	0	1	77	155	687	4877	48788697	
Этап 6 --------------------------------------------------|
4	4	7	0	1	12	77	155	687	4877	48788697	
Этап 7 --------------------------------------------------|
4	4	0	1	7	12	77	155	687	4877	48788697	
Этап 8 --------------------------------------------------|
4	0	1	4	7	12	77	155	687	4877	48788697	
Этап 9 --------------------------------------------------|
0	1	4	4	7	12	77	155	687	4877	48788697	
Этап 10 --------------------------------------------------|
0	1	4	4	7	12	77	155	687	4877	48788697	
~~~~~~~~~~~~~~~~~~~~~~~~~~~~~~~~~~~~~~~~~~~~~~~~~~~~~~~~~~~~
Этап 1 ----------------------------------------------|
12	7	155	4	77	4	687	4877	48788697	
Этап 2 ----------------------------------------------|
7	12	4	77	4	155	687	4877	48788697	
Этап 3 ----------------------------------------------|
7	4	12	4	77	155	687	4877	48788697	
Этап 4 ----------------------------------------------|
4	7	4	12	77	155	687	4877	48788697	
Этап 5 ----------------------------------------------|
4	4	7	12	77	155	687	4877	48788697	
Этап 6 ----------------------------------------------|
4	4	7	12	77	155	687	4877	48788697	
Этап 7 ----------------------------------------------|
4	4	7	12	77	155	687	4877	48788697	
Этап 8 ----------------------------------------------|
4	4	7	12	77	155	687	4877	48788697	
~~~~~~~~~~~~~~~~~~~~~~~~~~~~~~~~~~~~~~~~~~~~~~~~~~~~~~
